name: grade-prediction
channels:
  - conda-forge
  - defaults
dependencies:
  - bzip2=1.0.8=h2466b09_7
  - ca-certificates=2025.6.15=h4c7d964_0
  - intel-openmp=2025.1.0=h57928b3_980
  - joblib=1.5.1=pyhd8ed1ab_0
  - libblas=3.9.0=28_h576b46c_mkl
  - libcblas=3.9.0=28_h7ad3364_mkl
  - libexpat=2.7.0=he0c23c2_0
  - libffi=3.4.6=h537db12_1
  - liblapack=3.9.0=28_hacfb0e4_mkl
  - liblzma=5.8.1=h2466b09_2
  - liblzma-devel=5.8.1=h2466b09_2
  - libsqlite=3.50.1=h67fdade_0
  - libzlib=1.3.1=h2466b09_2
  - mkl=2020.4=hb70f87d_311
  - numpy=2.3.0=py311hc907d76_0
  - openssl=3.5.0=ha4e3fda_1
  - pip=25.1.1=pyh8b19718_0
  - python=3.11.3=h2628c8c_0_cpython
  - python_abi=3.11=6_cp311
  - scikit-learn=1.7.0=py311hdcb8d17_1
  - scipy=1.15.2=py311h99d06ae_0
  - setuptools=80.9.0=pyhff2d567_0
  - threadpoolctl=3.6.0=pyhecae5ae_0
  - tk=8.6.13=h2c6b04d_2
  - tzdata=2025b=h78e105d_0
  - ucrt=10.0.22621.0=h57928b3_1
  - vc=14.3=h2b53caa_26
  - vc14_runtime=14.42.34438=hfd919c2_26
  - vs2015_runtime=14.42.34438=h7142326_26
  - wheel=0.45.1=pyhd8ed1ab_1
  - xz=5.8.1=h208afaa_2
  - xz-tools=5.8.1=h2466b09_2
prefix: C:\Users\raoul\anaconda3\envs\grade-prediction
